0000
00
0000
00
00000000000000
00
00
0000
00
00000000
00000000
00
00
00000000
00
00
000000000000000000000000000000000000000000
00
0000
0000000000000000
00000000000000000000000000000000000000
000000000000000000000000000000000000000000000000
00
00000000000000000000000000
0000
0000000000000000000000
0000000000000000000000000000000000000000000000
00
0000000000000000000000000000000000000000
000000000000000000000000
000000000000
00000000000000000000000000000000000000
000000000000000000000000
000000000000000000
0000000000000000000000
000000000000000000000000000010010100101001010010
1001010010000000000000
000000000000
0000000010010
10010100100000000000
0000000000000000
0000000000000000000000
10010
1001000
000000000000000000000000000000
000000
000000000000
100100010010100100000000000000000000000000010010
1001000
0000
000000
000000000000000000
1001010010100101001010010001001010010100101001010010100101001000000000
00000000000000
00000000
00
00000000000000000000000000100101001010010
10010100101001000000000000000000000000000000000
00000000
1001010010000000000000000000000000000000000000000000
00
0000000000000000000000000000000000000000000000000000000000000000000000000000000000000000
0010010100101001010010100101001010010100101001010010001001000001001000001001010010100100
00000000000000000000000000000000000000000000000000000000000000000000000000010010
10010
1001010010000000000000000000000000100101001010010100101001010010100101001010010100101001
01001010010100101001010010100101001010010100101001010010100101001010010100101001010010
1001010010100101001111001010010100101001010010000010010100101001010010100101001010010100
10100101001010010100101001000000000000000000000000000
