1111111111111101101101010111101101101101010101011111111111111111111111111111101101111011
0110101010101101101111111111111111111111111111011011011010101010101010101010101011011011
11111111111111111111011011
0111111111111111111111111111101101010101010101010110101010101111111111111111111111111111
0110110111111111111111111111111111111111111111111111101101010110101011011010101101010111
111111111111111111111111111
11111111111111111111111111111111010101010101
0101
01111111111111111111111111111111101101101111111111111111111111
1111111111111111111101010101
0110110111111111111111111111111111111111111111101101111111111111111111111111111111111111
1
11010101010101
1111111111111111111111111111111111111111111111111111111111111111111111111111111111111111
111111111111
111111
111111
11
1111111111111111111111111111110101
0110101
01011111111111111111111111111111
1111111111111111111111111111111111111111111101101111111111110111111111111111111111111111
11111111111111111111111111111111111111111111111111111
11111111111111111111111111110110110110101
01111111111111111111111111111010101010101010101010101
0101011111111111111111111111111111111111101101101101010111111111111111111111111111111111
1011011110110110110111111111111111111111111111111111101101101101101101101101101101101101
101111111111111111111111110110110111111111111111111111111111111111111111111111111
1111111111111111111111111111110101
111111111111111111111111111111110101
0101111111111111111111111111111111111111111111111111111111111111111111111111111111110110
110101
0101
01010101
0101011111111111111111111111111111111111111111111111111111111111111111111111111111111111
11111
001100110011001100110011001111
001100110011001100110011
0011
11
1111110011001100110011001100110011
0011001111
0011001100110011001100110011
0011
0011110011110011
0011001111
0011001100110011001100111111110011001111111111111100111111111111111100111100110011001100
11001100110011001100110011
0011
0011
00110011
00110011001100110011
0011001100110011
11111111
00110011001100110011
001100110011
11110011001100110011001100110011
11
111111
1111001100110011
0011
001100110011001111
111111
