00001000011100000010010001010100
00001000010100100010010110000000
00001000101000100010010110000000
00001000111010000010010100011100
00001001011010100010010010111000
00001001100111000010010100011100
00001001011010100010010010111000
00001001001001000010010110000000
00001001000110100010010100011100
00001000110111100010001110001100
00001000100011100010010001010100
00001000010111000010010010111000
00001000010111000010010010111000
00001000010100100010010100011100
00001000011001100010010110000000
00001000011110100010010110000000
00001000100001000010010111100100
00001000100011100010011001001000
00001000101000100010011001001000
00001000101011000010011001001000
00001000111010000010010111100100
00001001101110100010001110001100
00001001100100100010010001010100
00001000100110000010010010111000
00001000101000100010010001010100
00001000100110000010001111110000
00001000000011000010010100011100
00001000001010100010010010111000
00001000000101100010010110000000
00000111111110000010010110000000
00000111111011100010010111100100
00000111111110000010010110000000
00000111111001000010010111100100
00000111111001000010010111100100
00000111110110100010010110000000
00000111111011100010010110000000
00001000000011000010010100011100
00001001000110100010001111110000
00001001000100000010001100101000
00001000110101000010010010111000
00001000111100100010001111110000
00001000110101000010010001010100
00001000101000100010010010111000
00001000101000100010010010111000
00001000100011100010010010111000
00001000101000100010010010111000
00001000100011100010010001010100
00001000101011000010001111110000
00001000111111000010010010111000
00001000111111000010010110000000
00001001010011000010001110001100
00001001010000100010001111110000
00001001010101100010001100101000
00001001010000100010001110001100
00001000010100100010010111100100
00001000111111000010001110001100
00001000100011100010010001010100
00000111100111100010011001001000
00000111100111100010011001001000
00000111100010100010011001001000
00000111100010100010011001001000
00000111011011000010011010101100
00000110111111100010011010101100
00000111001100000010011010101100
00000111011000100010011001001000
00000111011101100010011010101100
00000111010001000010011010101100
