11111111
0111
01110111
0111
0111011101110111011101110111
1111
1111
01110111
0111
0111111111111111
0111111111111111
0111
1111
1111111111111111
1111
1111
011101110111011101110111011101110111011101110111011101110111011101110111011101110111
0111
01110111
01110111011101110111011101110111
0111011101110111011101110111011101110111011101110111011101110111011101110111
1111111111111111111111111111111111111111111111111111111111111111111111111111111111111111
11110111
0111
0111011101111111111111111111111111111111111111111111
01110111
01110111111111111111111111111111111111111111
0111011101110111011101110111011101110111011101111111111111111111111111111111111111111111
1111
0111
01110111011101110111011101110111011101110111011101110111011101110111011101110111
011101110111011101110111011101110111011101111111
011101110111011101110111
0111011101110111011101110111111111111111111111111111111111111111011101110111
011101110111011101110111011101110111011111110111
011101110111011111110111011101110111
01110111011101110111011101110111011101110111
011101110111011101110111011101110111011101110111011101110111011101110111
01110111011101110111011101110111
011101110111011101110111
01110111011101110111
0111011101110111011101110111
01110111011101110111011101110111
01110111011101110111011101110111011101110111
0111
01110111
011101110111011101110111011101110111011101110111011101110111
011101110111
011101110111011101110111
011101110111011101110111011101110111011101110111011101110111011101110111
01110111
01110111
011101110111
011101110111011101110111011101110111
01110111011101110111011101110111011101110111011101110111011101110111
1111111111111111111111111111
1111111111111111
0111
0111011101110111011101110111011101110111011101110111011101110111
0111011101110111011101110111011101110111011101110111011101110111011101110111
0111011101110111
0111011101110111011101110111011101110111011101110111011101110111011101110111011101111111
1111
0111
0111011101110111011101110111011101110111011101110111011101110111011101110111011101110111
0111011101110111011101110111011101110111011101110111011101110111011101110111011101110111
0111011101110111011101110111011101110111011101110111011101110111011101110111011101110111
0111011101110111011101110111011101110111011101110111011101110111011101110111011101110111
0111011101110111011101110111011101110111011101110111011101110111
0111
0111011101110111011101110111011101110111011101110111011101110111011101110111011101110111
01110111011101110111011101110111011101110111011101110111011101110111011101110111
0111011101110110011101110111011101110111011101110111011101110111011101110111011101110111
011101110111011101110111011101110111011101110111011101110111
