0000000000000000000110000000000011011000000000000000000000000000000000000000000011000000
0000000000000000000000000000000000011011000000000000000000000000000000000000
0000000000000000000000000000000110110110110001100000000000000000000000000000000000000000
0000000000000000000000000000000000000000001100000000000000000000000000000000000000000000
00000000000000000000000000000000000000
011
0000000000000000000000000000000000000000000000000000000000
00000000000000000000011011
000000000000000000000000000000000000000000000000000000000000000000000000000000000000
000001100
0000000000000000000000000000000000000000000000000000000000110110000000110110000000000000
0000
000000000000
000000
000000
00
0000000000110110110110110110110110000000
00011
00000000000000000000001100011000
0000000000000000000000000000000000000000000000000000000000000000000000000000000000000000
000000000000000000000000000000000011011011011011011011000
00000000000011011011011011011011000000000011
00000000000000000000000000000110110000011011
0110000000000000000000000000000000000000000000000000000000000000000000000000000000000000
0000000000000000000000000000000000000000000000000000000000000000000000000000000000000000
000000000000000000000000000000000000000000000000000
00000000110110110110110110110110110000000
00000000000011011011011011011011000000000
0000000000000000000000000000000000000000000000000000000000000000000000000000000000000000
011
00011
0110000000000000000000000000000000000000000000000000000110110110110110000000000000000000
11011011000
110110110110110110110110
110110110110110110
110
110
110110110110110110110110110110
110110110
110110110110110110110
110
110110110110110
110110110
1101101101101101101101101101101101101101101101101101101101101101101101101101101101101101
10110110110110110110110
110
110
110110
110110110110110
110110110110
110110110110
110110110110110
110110110
110110110110110110110110110
00
000000
00110110110110
110
110110110110110
0000110
