00000111101100100010010111100100
00000111110001100010011001001000
00001000101101100010001111110000
00001000110101000010001110001100
00001000110010100010001111110000
00001001001001000010001100101000
00001001010011000010001100101000
00001001010011000010001100101000
00001001010011000010001100101000
00001001010000100010001110001100
00001001001011100010010001010100
00001001000110100010010100011100
00001001000110100010010010111000
00001000011001100010010010111000
00001000011001100010010001010100
00001000111010000010010010111000
00001000111010000010001111110000
00001001000001100010001110001100
00001000110101000010001111110000
00000111111011100010010100011100
00000111110001100010011001001000
00000111101111000010010110000000
00001000111100100010010010111000
00001000100011100010010110000000
00001000100011100010010111100100
00001000100011100010011001001000
00001000110111100010001110001100
00001000001111100010010010111000
00001000010010000010010110000000
00001000011100000010010001010100
00001000010111000010010110000000
00001000011110100010010001010100
00000111101010000010010110000000
00000111100111100010010111100100
00001001000100000010001110001100
00001001010000100010001100101000
00001001011010100010001110001100
00001001110001000010000111111100
00001001100100100010001110001100
00001001101100000010001011000100
00001001100100100010001100101000
00001001100010000010001011000100
00001001010000100010010001010100
00001001010000100010010001010100
00001001010000100010010001010100
00001001001011100010010001010100
00001001001011100010010001010100
00001001001001000010010001010100
00001001001001000010010001010100
00001001001001000010010001010100
00001001001001000010010001010100
00001001001001000010001111110000
00001001001011100010001111110000
00001001010000100010001110001100
00001001011010100010001011000100
00001001100100100010001001100000
00001001011101000010001011000100
00001001011010100010001011000100
00001001011111100010001001100000
00001001100100100010001001100000
00001001100010000010001001100000
00001001011010100010001100101000
00001001011010100010001100101000
00001001011101000010001011000100
00001001011111100010001011000100
00001001011111100010001011000100
00001001110110000010000111111100
00001001110001000010001001100000
00001001101100000010001011000100
00001001011111100010001100101000
00001001100010000010001011000100
00001001000100000010001100101000
00001000111010000010001110001100
00001000110101000010001110001100
00001000110101000010001111110000
00001001010000100010010010111000
00001001001001000010010100011100
00001000111111000010010100011100
00001000111111000010010100011100
00001001000100000010010100011100
00001001000110100010010100011100
00001001001001000010010100011100
00001001010000100010010010111000
00001001010011000010010010111000
00001001011000000010001011000100
00001000100011100010010010111000
00001000010111000010010111100100
00001000100110000010010110000000
00001000100011100010010001010100
00001000011110100010010001010100
00001000100110000010010001010100
00001000011100000010010001010100
00001000011001100010010001010100
00001000010111000010010010111000
00001000010100100010010001010100
00001000010100100010010001010100
00001000001111100010010100011100
00001000000101100010010110000000
00001000000011000010010100011100
00000111111011100010010110000000
00000111111001000010010110000000
00001000000101100010010110000000
00001000000101100010010110000000
00001000001000000010010110000000
00001000001101000010010110000000
00001000001101000010010110000000
00001000011001100010010010111000
00001000100110000010010010111000
00001000110010100010010100011100
00001001000001100010001110001100
00001000110111100010010001010100
00001000101000100010010100011100
00001000101011000010010010111000
00001000100110000010010100011100
00001000100110000010010110000000
00001000100001000010010111100100
00001000011110100010010111100100
00001000011100000010010111100100
00001000011110100010010110000000
00001000011110100010010111100100
00001000011001100010010111100100
00001000010111000010010111100100
00001000011100000010010110000000
00001000111100100010001110001100
00001001001001000010001100101000
00001000101011000010010001010100
00001000101000100010010010111000
00001000100110000010010001010100
00001000100001000010010111100100
00001000011100000010010111100100
00001000011110100010011001001000
00001000010010000010010110000000
00001000010111000010010010111000
00001000010100100010010100011100
00001000001111100010011001001000
00001000010010000010010100011100
00001000101000100010001111110000
00001000101011000010001111110000
00001000110010100010010001010100
00001001000100000010001111110000
00001001010000100010001100101000
00001001001011100010001111110000
00001001000110100010010100011100
00001001001011100010010010111000
00001001001001000010001111110000
00001000111111000010010100011100
00001000111010000010010100011100
00001000101000100010010111100100
00001000100001000010011001001000
00001000011001100010011001001000
00001000010100100010011001001000
00001000001111100010011010101100
00001000011001100010010110000000
00001000010111000010010100011100
00001000011100000010010111100100
00001000011110100010010111100100
00001000011110100010010100011100
00001000011110100010010001010100
00001000010111000010010010111000
00001001001001000010001100101000
00001001111000100010000111111100
00001001100111000010001111110000
00001001011000000010010001010100
00001001001110000010010100011100
00001001001011100010001111110000
00001001001011100010001110001100
00001001001011100010001100101000
00001001001011100010001111110000
00001001000110100010001111110000
00001001001001000010001111110000
00001001001001000010010001010100
00001001001001000010010001010100
00001001000100000010010010111000
00001001000100000010010100011100
00001001000110100010010110000000
00001001001001000010010100011100
00001001010011000010010100011100
00001001011111100010001001100000
00001001011010100010010100011100
00001000111111000010001110001100
00001001011101000010001011000100
00001001011000000010001011000100
00001001010101100010001100101000
00001001010011000010001111110000
00001001010000100010010001010100
00001001010011000010010001010100
00001001010101100010010001010100
00001001011000000010010001010100
00001001010000100010010010111000
00001001001110000010010111100100
00001001000100000010010111100100
00001000011110100010010100011100
00001000101000100010001111110000
00001000111010000010001111110000
00001001000100000010001110001100
00001001001001000010001111110000
00001001000100000010010001010100
00001001000100000010001111110000
00001001001110000010001011000100
00001001001001000010001110001100
00001001000100000010010001010100
00001000110111100010010100011100
00001000110010100010010100011100
00001000110000000010010100011100
00001000101000100010010110000000
00001000011110100010010111100100
00001000011110100010011001001000
00001000001111100010011001001000
00001000001111100010011001001000
00001000010010000010011010101100
00001000001000000010011100010000
00000111111110000010011100010000
00001000001000000010011100010000
00001000010010000010011100010000
00001000101000100010011100010000
00001000111100100010001110001100
00001000111100100010001111110000
00001001000110100010001100101000
00001001000110100010001100101000
00001000111111000010001110001100
00001000110101000010010001010100
00001000110010100010010001010100
00001000110000000010010110000000
00001001001001000010001110001100
00001000111010000010010001010100
00001000110101000010010010111000
00001000101011000010010100011100
00001000100011100010010110000000
00001000110000000010010100011100
00001001101100000010001011000100
00001001101110100010001110001100
00001001101110100010001111110000
00001001110001000010001111110000
00001000011001100010010100011100
00001001011000000010010110000000
00001001010011000010001110001100
00001001011000000010001111110000
00001001011000000010001111110000
00001001010101100010001011000100
00001001010101100010001011000100
00001001010101100010001110001100
00001001010101100010001110001100
00001001011000000010001111110000
00001001011000000010010001010100
00001001011010100010010001010100
00001001011101000010010010111000
00001001011101000010010010111000
00001001011111100010010001010100
00001001111101100010000110011000
00001010000111100010000111111100
00001010000000000010001001100000
00001001111101100010001001100000
00001001111011000010001110001100
00001010000000000010001011000100
00001001111000100010001110001100
00001001111000100010001110001100
00001001110011100010001110001100
00001001110011100010001111110000
00001001101110100010010010111000
00001001101110100010001111110000
00001001100111000010010001010100
00001001101110100010001111110000
00001001110110000010001100101000
00001010010001100010000110011000
00001010001100100010000110011000
00001010011110000010000100110100
00001010011110000010000100110100
00001010011011100010000100110100
00001010010001100010000110011000
00001010001010000010001011000100
00001010000010100010001110001100
00001001111011000010010001010100
00001001111011000010010010111000
00001001111011000010010010111000
00001001111000100010010100011100
00001000110101000010010100011100
00001000110111100010010100011100
00001000111100100010010111100100
00001000110000000010010110000000
00001000110101000010010001010100
00001000111010000010010001010100
00001001011000000010001111110000
00001001001011100010010010111000
00001001100111000010001100101000
00001001011111100010010100011100
00001010011001000010001011000100
00001010010110100010000100110100
00001010010100000010000100110100
00001010000000000010001110001100
00001010000000000010001111110000
00001001111101100010010001010100
00001010000000000010010001010100
00001001111000100010010010111000
00001001001011100010010001010100
00001001000110100010010100011100
00001001000110100010010010111000
00001000111111000010010100011100
00001000111100100010010111100100
00001001000100000010010111100100
00001001001011100010010100011100
00001001011010100010001111110000
00001001001001000010001110001100
00001000111111000010010010111000
00001001001011100010010100011100
00001001001011100010010110000000
00001001000001100010011001001000
00001000111111000010011001001000
00001001010000100010011001001000
00001001010011000010010010111000
00001001101001100010001100101000
00001001111101100010001001100000
00001010000111100010001001100000
00001010110100100010000001101100
00001010011011100010000011010000
00001010001010000010000100110100
00001001101001100010000111111100
00001001101001100010001100101000
00001001100010000010001111110000
00001001011010100010010001010100
00001001011010100010010010111000
00001001011101000010010010111000
00001001011101000010010100011100
00001001011000000010010100011100
00001001011010100010010010111000
00001001010000100010001110001100
00001001001011100010010010111000
00001001000100000010010110000000
00001001000100000010011001001000
00001001011000000010010001010100
00001001011111100010001100101000
00001001101100000010000111111100
00001001100111000010001001100000
00001001011111100010001001100000
00001001010011000010001011000100
00001001010000100010001011000100
00001001001110000010001111110000
00001001010011000010001100101000
00001001001001000010001110001100
00001001100010000010001011000100
00001010001111000010000111111100
00001010001010000010001011000100
00001010010100000010001001100000
00001010010110100010000100110100
00001010000111100010001011000100
00001001111000100010001100101000
00001001011010100010010110000000
00001001100010000010010110000000
00001001100100100010010100011100
00001001110011100010010100011100
00001001111101100010010110000000
00001010000000000010010110000000
00001001111101100010010100011100
00001001111101100010010100011100
00001010000000000010010100011100
00001010000010100010010001010100
00001010000000000010010010111000
00001010010001100010001111110000
00001010001111000010000111111100
00001010000111100010000110011000
00001010000111100010000111111100
00001010000010100010000111111100
00001001101100000010000111111100
00001001100111000010001011000100
00001001101001100010001011000100
00001001101001100010000111111100
00001001100111000010001001100000
00001001100010000010001100101000
00001001100100100010001110001100
00001001100100100010001111110000
00001001100111000010001100101000
00001001100111000010001100101000
00001001011101000010001110001100
00001001011101000010001011000100
00001010101010100010000011010000
00001010100011000010000011010000
00001010010100000010001100101000
00001010001111000010001110001100
00001010001111000010001111110000
00001010001010000010010001010100
00001010001100100010001111110000
00001010011011100010000111111100
00001010100000100010000011010000
00001010100000100010000011010000
00001010011110000010000100110100
00001010011110000010000100110100
00001010010110100010001011000100
00001001010101100010010001010100
00001001001110000010010111100100
00001001011010100010010110000000
00001001110001000010010001010100
00001000011001100010010001010100
00001000010111000010010110000000
00001000010100100010010010111000
00001000010111000010010110000000
00001000001111100010010100011100
00001000010010000010010010111000
00001000011110100010010010111000
00001000010111000010010001010100
00001000001010100010010100011100
00001000000000100010010100011100
00000111111001000010010110000000
00001001011010100010001011000100
00001001111101100010000111111100
00001001111011000010000111111100
00001001111101100010000111111100
00001001111011000010001011000100
00001001111011000010001001100000
00001001110110000010001100101000
00001001111101100010001001100000
00001001111011000010001001100000
00001001111011000010000111111100
00001001111000100010001011000100
00001001111000100010001110001100
00001001111101100010001011000100
00001010000000000010001100101000
00001010011011100010000110011000
00001010010100000010000111111100
00001010100011000010000001101100
00001010011011100010000100110100
00001010100000100010000011010000
00001010011110000010000111111100
00001001100100100010001011000100
00001001011111100010001110001100
00001001001110000010010010111000
00001001000100000010010010111000
00001001000100000010010010111000
00001001001001000010010001010100
00001001000110100010010010111000
00001001000100000010010100011100
00001000111010000010010010111000
00001000111010000010010100011100
00001000110101000010010110000000
00001000110111100010010111100100
00001001000001100010010110000000
00001001001011100010010010111000
00001001010101100010010001010100
00001001100010000010001001100000
00001001100111000010001001100000
00001001100100100010001100101000
00001001100100100010001100101000
00001001110011100010001001100000
00001010011001000010000011010000
00001010001100100010000111111100
00001010000101000010001011000100
00001001111011000010001111110000
00001010000000000010001111110000
00001010000000000010001110001100
00001010000000000010001111110000
00001010000010100010001110001100
00001010000000000010001110001100
00001001111101100010001111110000
00001001110011100010010110000000
00001001001001000010010100011100
00001001000100000010010110000000
00001000111111000010010100011100
00001000111100100010010111100100
00001001000110100010010100011100
00001001001001000010010100011100
00001001010101100010010001010100
00001001001001000010001111110000
00001000111010000010010001010100
00001000101011000010010001010100
00001000100011100010010001010100
00001000100001000010010001010100
00001000110111100010001111110000
00001000110010100010001111110000
00001000110010100010010010111000
00001000110000000010001111110000
00001000110000000010010001010100
00001000101011000010010010111000
00001000110000000010010100011100
00001000110101000010010100011100
00001000110111100010010100011100
00001000111111000010010001010100
00001001000100000010010001010100
00001001001011100010001111110000
00001001001110000010001111110000
00001001001001000010010001010100
00001001010000100010001111110000
00001001001110000010010010111000
00001001011111100010010001010100
00001001001011100010010100011100
00001001001011100010010110000000
00001001010000100010010100011100
00001001011000000010010001010100
00001001011101000010001111110000
00001001010101100010010100011100
00001001011000000010010110000000
00001001101001100010010110000000
00001001101001100010010100011100
00001001101100000010010110000000
00001001101100000010010100011100
00001001100111000010010111100100
00001001100100100010010111100100
00001001100111000010010100011100
00001001101100000010010100011100
00001001101100000010010110000000
00001001100010000010010111100100
00001001011010100010011001001000
00001001101001100010010110000000
00001001111101100010001100101000
00001001101110100010010010111000
00001001101001100010010111100100
00001001111101100010010001010100
00001001111011000010010010111000
00001010000111100010001111110000
00001010000101000010001100101000
00001010000101000010001111110000
00001010000000000010010010111000
00001010000101000010010100011100
00001010001100100010010010111000
00001010010001100010010001010100
00001010001111000010010010111000
00001010010001100010010001010100
00001010001100100010001111110000
00001010010001100010001111110000
00001010011001000010001001100000
00001010011110000010000111111100
00001010011011100010000111111100
00001010010001100010001011000100
00001010000111100010001111110000
00001010011110000010000111111100
00001010000111100010001111110000
00001001111101100010010001010100
00001010001100100010010001010100
00001010000000000010001111110000
00001010001010000010001110001100
00001010100011000010000111111100
00001010010110100010001011000100
00001010010100000010001100101000
00001001111101100010010010111000
00001001111011000010010010111000
00001001111011000010010100011100
00001001111011000010010001010100
00001001111000100010010010111000
00001001111000100010010010111000
00001001110110000010010010111000
00001001110110000010010110000000
00001001111000100010010110000000
00001001110110000010010100011100
00001001111011000010010110000000
00001001110011100010010111100100
00001001110110000010010111100100
00001010000000000010010100011100
00001001111011000010010111100100
00001001110110000010001111110000
00001001100010000010010110000000
00001001011000000010011001001000
00001001100010000010011001001000
00001001101110100010010010111000
00001001100010000010011001001000
00001001011111100010011001001000
00001001011111100010011001001000
00001001011111100010010110000000
00001001100100100010010110000000
00001001011010100010010110000000
00001001011000000010010110000000
00001001011000000010010110000000
00001001010011000010010110000000
00001001001110000010011001001000
00001001000110100010011001001000
00001001001001000010011001001000
00001001001001000010011001001000
00001001000110100010011001001000
00001001000110100010010111100100
00001001001001000010011001001000
00001001010011000010010110000000
00001001101110100010001111110000
00001010001111000010000111111100
00001010101010100010000001101100
00001010011011100010000011010000
00001010100000100010000011010000
00001010001010000010001011000100
00001010000000000010001100101000
00001001111101100010001110001100
00001001111011000010001110001100
00001001111011000010001110001100
00001001111101100010001111110000
00001001111011000010010001010100
00001001111000100010010100011100
00001001111011000010010100011100
00001001111011000010010100011100
00001010000010100010010010111000
00001010000010100010010001010100
00001010001100100010010001010100
00001010011110000010001100101000
00001010011001000010010001010100
00001010011011100010001110001100
00001010011011100010001110001100
00001010100101100010001011000100
00001010101010100010001011000100
00001010110100100010000001101100
00001010101000000010000111111100
00001010101010100010000111111100
00001010011011100010001110001100
00001010011011100010001110001100
00001010010110100010001111110000
00001010010001100010010100011100
00001010010100000010010010111000
00001010010100000010010100011100
00001010010110100010010100011100
00001010010110100010010100011100
00001010010110100010010010111000
00001010010110100010001111110000
00001010010001100010001111110000
00001010001111000010001111110000
00001010001111000010001111110000
00001010001111000010001111110000
00001010010110100010001111110000
00001010011011100010001111110000
00001010101010100010001100101000
00001011000110000010000011010000
00001011001000100010000011010000
00001010110010000010000111111100
00001010111110100010000001101100
00001011011100100001111101000000
00001010111001100010000011010000
00001010101101000010001011000100
00001010101010100010001111110000
00001010100101100010001100101000
00001010010100000010000111111100
00001010000101000010001110001100
00001010001010000010001011000100
00001010010001100010001011000100
00001010011001000010001011000100
00001010011001000010001110001100
00001010100011000010001100101000
00001010101000000010001100101000
00001010101000000010001110001100
00001010101000000010001110001100
00001010101010100010001100101000
00001010101101000010001100101000
00001010110100100010001001100000
00001011010000000001111110100100
00001011001011000001111110100100
00001010111110100010000100110100
00001001100111000010010001010100
00001001101001100010001111110000
00001001101100000010010100011100
00001001100010000010010100011100
00001001101110100010001110001100
00001001100111000010001110001100
00001001011010100010010010111000
00001001010000100010010100011100
00001001001110000010010001010100
00001001001011100010001111110000
00001000110111100010010110000000
00001000101101100010010110000000
00001000110010100010010010111000
