00001001101110100010011100010000
00001001101100000010011100010000
00001001011010100010011100010000
00001001011010100010011100010000
00001001001011100010011100010000
00001001100111000010011100010000
00001010011110000010011001001000
00001011010111100010000100110100
00001011101011100010000011010000
00001011110101100001111011011100
00001010111100000010010001010100
00001010011011100010011100010000
00001010111100000010010110000000
00001010111100000010001110001100
00001011010010100010000111111100
00001011111000000001111000010100
00001011101110000001111101000000
00001011010010100010000011010000
00001010010100000010011100010000
00001010000000000010011100010000
00001001110011100010011100010000
00001001100010000010011100010000
00001001011000000010011100010000
00001001010101100010011100010000
00001001001110000010011100010000
00001001010000100010011100010000
00001001001011100010011100010000
00001001001011100010011100010000
00001001010011000010011100010000
00001001101100000010011100010000
00001010000000000010011100010000
00001010100000100010010110000000
00001011001101100010000111111100
00001011000110000010001011000100
00001010100101100010011010101100
00001011000110000010010010111000
00001011101001000010000001101100
00001011111000000010000000001000
00001011111111100001111101000000
00001011011010000010000001101100
00001011001000100010000110011000
00001010111001100010001111110000
00001010011110000010011001001000
00001010010001100010011010101100
00001010000111100010011100010000
00001001111000100010011100010000
00001001110001000010011100010000
00001001101001100010011100010000
00001001100100100010011100010000
00001001100111000010011100010000
00001001100100100010011100010000
00001001100100100010011100010000
00001001100100100010011100010000
00001001101110100010011100010000
00001010001100100010011100010000
00001010110100100010010100011100
00001011100001100010001100101000
00001100000010000010000001101100
00001100001100000010000000001000
00001100011101100001111000010100
00001100101100100001110011101000
00001100011000100001111110100100
00001100010110000001111110100100
00001100100010100001111110100100
00001011111111100010000011010000
00001011101001000010000111111100
00001011001011000010010100011100
00001010101111100010011100010000
00001010100101100010011100010000
00001010011110000010011100010000
00001010011011100010011100010000
00001010011001000010011100010000
00001010001100100010011100010000
00001010001010000010011100010000
00001001111101100010011100010000
00001001110110000010011100010000
00001010101010100010010100011100
00001011001011000010000111111100
00001011100100000010000011010000
00001011000001000010000111111100
00001010100101100010001111110000
00001010001111000010010110000000
00001001111101100010011010101100
00001001111000100010011010101100
00001001110011100010011100010000
00001001101110100010011100010000
00001001101001100010011100010000
00001001111101100010011100010000
00001010001111000010011100010000
00001010101000000010010111100100
00001010101111100010010110000000
00001010110010000010010001010100
00001010101101000010010001010100
00001010111100000010010001010100
00001011110011000001111001111000
00001011111010100001111001111000
00001011111101000001111001111000
00001011111111100001111101000000
00001011100001100010000001101100
00001011111101000001111000010100
00001011010101000001111110100100
00001011000011100010001001100000
00001010101010100010010111100100
00001010011011100010011001001000
00001010010100000010011100010000
00001010000111100010011100010000
00001001110110000010011100010000
00001001110011100010011100010000
00001001100100100010011100010000
00001001100111000010011100010000
00001001100100100010011100010000
00001001100010000010011100010000
00001001100010000010011100010000
00001001101100000010011100010000
00001010001111000010011100010000
00001010111001100010010110000000
00001011001000100010001011000100
00001011010000000010001011000100
00001010101111100010011100010000
00001010000010100010011100010000
00001001101100000010011100010000
00001001100111000010011100010000
00001010000010100010011100010000
00001010001111000010011001001000
00001010100000100010010010111000
00001010100101100010001111110000
00001001111101100010011100010000
00001001101001100010011100010000
00001001011000000010011100010000
00001001011000000010011100010000
00001001001110000010011100010000
00001001011000000010011100010000
00001001011101000010011100010000
00001001011010100010011100010000
00001001011010100010011100010000
00001001010101100010011100010000
00001001001110000010011100010000
00001001010011000010011100010000
00001001101110100010011100010000
00001010001010000010011100010000
00001010111110100010010110000000
00001100010110000001110101001100
00001011011100100010000111111100
00001100000010000001111110100100
00001011001000100010010010111000
00001010110100100010001111110000
00001100000010000010000000001000
00001011101001000010000011010000
00001011100110100010000000001000
00001011000110000010010001010100
00001010100101100010011100010000
00001010001010000010011100010000
00001010000111100010011100010000
00001001111011000010011100010000
00001001110001000010011100010000
00001001100111000010011100010000
00001001100111000010011100010000
00001001100010000010011100010000
00001001100111000010011100010000
00001001100010000010011100010000
00001001011111100010011100010000
00001001100100100010011100010000
00001010000101000010011100010000
00001010011110000010010111100100
00001001101001100010001110001100
00001001100100100010001110001100
00001001100111000010001110001100
00001001100111000010010010111000
00001001010101100010011001001000
00001001100010000010011010101100
00001001011101000010011100010000
00001001011000000010011100010000
00001001010011000010011100010000
00001001001110000010011100010000
00001001000110100010011100010000
00001001000100000010011100010000
00001000111100100010011100010000
00001001000100000010011100010000
00001010001100100010001001100000
00001010100101100010000111111100
00001011000110000001111110100100
00001011001101100010000000001000
00001011010010100001111110100100
00001011010010100001111101000000
00001010110100100010000110011000
00001010011001000010001111110000
00001010000101000010010010111000
00001010000101000010010110000000
00001010000010100010010110000000
00001010001010000010010111100100
00001010001111000010011001001000
00001010000111100010011010101100
00001010000000000010011100010000
00001010001010000010011100010000
00001010001100100010011010101100
00001010001010000010011100010000
00001010001100100010011100010000
00001010010001100010011100010000
00001010011110000010011001001000
00001010101000000010011001001000
00001010110100100010011001001000
00001010111100000010001111110000
00001010110100100010011100010000
00001010101101000010011100010000
00001010101000000010011100010000
00001010100000100010011010101100
00001010011001000010011100010000
00001010100000100010011100010000
00001010000010100010010100011100
00001010001111000010010110000000
00001010010100000010010110000000
00001010011001000010000111111100
00001010100011000010000100110100
00001010101101000010000001101100
00001010100011000010001001100000
00001010000111100010010110000000
00001010001100100010010001010100
00001010100000100010001011000100
00001010011011100010001111110000
00001010000000000010011010101100
00001001111011000010011100010000
00001010001100100010011100010000
00001010101000000010010100011100
00001011110011000001111101000000
00001100000100100001111011011100
00001011110000100010000100110100
00001011100100000010000001101100
00001011001011000010001110001100
00001010101101000010011001001000
00001010100000100010010111100100
00001010010001100010010110000000
00001010000101000010011001001000
00001001111101100010011100010000
00001001111011000010011100010000
00001010000111100010011100010000
00001010000111100010011100010000
00001010000111100010011100010000
00001010000111100010011010101100
00001001110001000010011010101100
00001001101100000010011100010000
00001001110011100010011100010000
00001001110001000010011100010000
00001001100111000010011100010000
00001001100010000010011100010000
00001010001010000010010001010100
00001010011110000010001100101000
00001010101101000010001011000100
00001011000011100010001001100000
00001011001000100010000100110100
00001010101111100010010001010100
00001010010001100010011010101100
00001010010100000010011010101100
00001001110110000010011100010000
00001010000000000010010010111000
00001001110011100010010110000000
00001001101001100010011001001000
00001001101001100010010110000000
00001001011000000010001110001100
00001001000001100010010110000000
00001001000100000010010100011100
00001001010000100010010010111000
00001001000100000010011001001000
00001001001110000010010110000000
00001001011000000010010100011100
00001001110001000010010001010100
00001001111000100010010010111000
00001010101101000010001001100000
00001010101111100010000100110100
00001010111001100010000000001000
00001011010101000001111101000000
00001011000011100001111110100100
00001010100011000010000111111100
00001010001010000010010010111000
00001001110011100010011001001000
00001001101110100010011001001000
00001001101110100010011010101100
00001001110011100010011001001000
00001001101110100010011100010000
00001001110011100010011100010000
00001001110001000010011100010000
00001001110001000010011100010000
00001001101100000010011100010000
00001001101110100010011100010000
00001001101110100010011100010000
00001001101100000010011100010000
00001000110101000010011100010000
00001000101000100010011100010000
00001000110101000010011100010000
00001000111111000010011010101100
00001001001110000010010110000000
00001001100010000010001111110000
00001001101001100010001111110000
00001001010011000010011100010000
00001001010000100010011100010000
00001001000110100010011100010000
00001001001110000010011001001000
00001001000100000010011100010000
00001001000001100010011100010000
00001001000100000010011100010000
00001000110111100010011100010000
00001000100110000010011100010000
00001000100110000010011100010000
00001000101011000010011100010000
00001000101101100010011100010000
00001000101000100010011100010000
00001000100011100010011100010000
00001000100001000010011100010000
00001000101101100010011100010000
00001000111111000010011100010000
00001001010011000010011100010000
00001001101110100010011010101100
00001001111000100010010110000000
00001001100100100010011001001000
00001010000000000010010001010100
00001010101010100010000110011000
00001010000111100010000110011000
00001001111011000010001111110000
00001001101110100010010010111000
00001001011101000010010001010100
00001001110001000010000111111100
00001001101100000010000111111100
00001001001011100010001110001100
00001000111010000010001111110000
00001001000001100010001111110000
00001001010000100010001011000100
00001000110111100010001111110000
00001000111010000010010001010100
00001010001100100010001111110000
00001010000000000010001011000100
00001001010101100010011001001000
00001001000100000010011100010000
00001000111100100010011100010000
00001000101011000010011100010000
00001000100110000010011100010000
00001000011110100010011100010000
00001000011001100010011100010000
00001000011100000010011100010000
00001000011001100010011100010000
00001000011001100010011100010000
00001000010111000010011100010000
00001000011110100010011100010000
00001001001110000010011100010000
00001010011011100010000011010000
00001011001101100010000000001000
00001011001000100010000001101100
00001011011111000001111011011100
00001011000011100001111110100100
00001010101010100010001011000100
00001010000010100010011001001000
00001001101110100010011100010000
00001001010101100010011100010000
00001001001011100010011100010000
00001000110010100010011100010000
00001000101011000010011100010000
00001000101011000010011100010000
00001000110111100010011100010000
00001001010000100010010110000000
00001000011100000010011100010000
00001000110010100010011100010000
00001000010010000010011100010000
00001001001011100010011010101100
00001010011110000010000111111100
00001010011011100010001110001100
00001010011011100010000111111100
00001010100101100010000001101100
00001010100000100010000110011000
00001010011001000010001001100000
00001010010100000010001001100000
00001010000010100010010100011100
00001001110011100010011001001000
00001001101100000010011100010000
00001001100100100010011100010000
00001001011111100010011100010000
00001001011111100010011100010000
00001001011111100010011100010000
00001001011101000010011100010000
00001001011010100010011100010000
00001001011010100010011100010000
00001001011101000010011100010000
00001001011101000010011100010000
00001001100100100010011100010000
00001001100111000010011100010000
00001010000010100010010100011100
00001010110100100010000111111100
00001011001000100010000100110100
00001010010100000010010100011100
00001001111101100010011100010000
00001010001100100010011100010000
00001010011011100010010111100100
00001010100101100010010110000000
00001010110111000010001011000100
00001010100101100010001111110000
00001010001100100010011001001000
00001001111101100010011100010000
00001001110011100010011100010000
00001001101001100010011100010000
00001001100100100010011100010000
00001001011010100010011100010000
00001001011000000010011100010000
00001001011000000010011100010000
00001001011010100010011100010000
00001001011010100010011100010000
00001001011101000010011100010000
00001001100010000010011100010000
00001001011010100010011100010000
00001001001011100010011100010000
00001001001011100010011100010000
00001001011111100010011100010000
00001001101001100010011010101100
00001010000111100010010001010100
00001010100000100010001001100000
00001010010001100010001011000100
00001010010001100010001001100000
00001010000000000010010001010100
00001010000111100010001100101000
00001010001010000010001111110000
00001001110001000010010001010100
00001001001110000010011010101100
00001001001110000010011100010000
00001001000001100010011100010000
00001000101011000010011100010000
00001000101101100010011100010000
00001000100110000010011100010000
00001000010111000010011100010000
00001000001101000010011100010000
00001000001000000010011100010000
00001000010010000010011100010000
00001000000011000010011100010000
00001000001000000010011100010000
00001001001011100010010100011100
00001010000111100010000111111100
00001001100010000010010010111000
00001001001110000010011001001000
00001000111111000010011100010000
00001000110010100010011100010000
00001000101011000010011100010000
00001000100011100010011100010000
00001000100001000010011100010000
00001000011110100010011100010000
00001000011001100010011100010000
00001000011001100010011100010000
00001000011110100010011100010000
00001000010111000010011100010000
00001001100010000010011100010000
00001010111001100010000111111100
00001011010010100010000111111100
00001011011111000010001011000100
00001011101110000001111011011100
00001011010101000010000001101100
00001010011001000010010111100100
00001010000101000010011100010000
00001001111000100010011100010000
00001001111011000010011100010000
00001001111011000010011100010000
00001010000010100010011100010000
00001001110011100010011100010000
00001001101001100010011100010000
00001001011111100010011100010000
00001001100100100010011100010000
00001001100111000010011100010000
00001001101100000010011100010000
00001010010001100010010100011100
00001011101011100001111011011100
00001011111000000001111001111000
00001011110011000010000000001000
00001011111010100001111110100100
00001100010011100001111000010100
00001100010001000001111000010100
00001011111000000001111000010100
00001011000001000010001100101000
00001010110010000010010010111000
00001010110010000010010110000000
00001010100000100010011100010000
00001010010001100010011100010000
00001010000000000010011100010000
00001010000000000010011100010000
00001010000000000010011100010000
00001010000000000010011100010000
00001010000101000010011100010000
00001010000000000010011100010000
00001010000010100010011100010000
00001010000000000010011100010000
00001010001100100010011100010000
00001010101111100010010110000000
00001010011001000010011100010000
00001010011110000010011100010000
00001010011110000010011010101100
00001010111100000010001011000100
00001010110111000010001110001100
00001011010010100010000111111100
00001011110011000010000000001000
00001011000001000010001011000100
00001010101101000010001111110000
00001010100101100010010100011100
00001010010100000010011001001000
00001010001111000010011100010000
00001001111101100010011100010000
00001001111000100010011100010000
00001001101100000010011100010000
00001001101110100010011100010000
00001001100100100010011100010000
00001001100100100010011100010000
00001001101001100010011100010000
00001001100010000010011100010000
00001001101100000010011100010000
00001001101100000010011100010000
00001010000000000010011100010000
00001010101000000010001111110000
00001011000110000010000110011000
00001011010101000010000110011000
00001010100101100010010111100100
00001011000001000010010010111000
00001011010111100010001011000100
00001011101001000010000100110100
00001010111100000010001100101000
00001010101010100010010111100100
00001010100000100010011100010000
00001010011001000010011100010000
00001010010001100010011100010000
00001010001010000010011100010000
00001010000101000010011100010000
00001010000101000010011100010000
00001010000010100010011100010000
00001001111000100010011100010000
00001001110011100010011100010000
00001001111101100010011100010000
00001001110110000010011100010000
00001001110011100010011100010000
00001001110011100010011100010000
00001001101100000010011100010000
00001010010110100010011010101100
00001011001011000010001011000100
00001011001011000010001110001100
00001011011010000010000110011000
00001011110011000010000001101100
00001011101110000010000100110100
00001011011100100010001001100000
00001011111000000010000001101100
00001011101001000010000110011000
00001011011111000010000110011000
00001011010101000010001100101000
00001011001101100010001110001100
00001011000110000010001111110000
00001011000011100010010100011100
00001010010001100010011100010000
00001010000101000010011100010000
00001010000010100010011100010000
00001001111101100010011100010000
00001010000000000010011100010000
00001010000111100010011100010000
00001010011001000010010111100100
00001010001111000010011100010000
00001010010110100010011010101100
00001010010001100010011100010000
00001010101000000010011001001000
00001011001011000010001111110000
00001011011111000010001110001100
00001011000011100010010110000000
00001010001111000010011010101100
00001001110001000010011100010000
00001000111111000010011100010000
00001001011000000010011100010000
00001001100111000010011100010000
00001001100100100010011100010000
00001001011111100010011100010000
00001001011010100010011100010000
00001001011101000010011100010000
00001001001001000010011100010000
00001001000100000010011100010000
00001001001011100010011100010000
00001001010000100010011100010000
00001001011101000010011100010000
00001001010101100010011100010000
00001001011000000010011100010000
00001001001011100010011100010000
00001000111111000010011100010000
00001000111100100010011100010000
00001000111100100010011100010000
00001001000100000010011001001000
00001001010101100010010110000000
00001010000000000010001100101000
00001001011010100010001100101000
00001001000100000010001110001100
00001000110000000010011010101100
00001000101000100010011100010000
00001000011110100010011100010000
00001000011001100010011100010000
00001000011100000010011010101100
00001000010100100010011100010000
00001000001111100010011100010000
00001000001010100010011100010000
00001000001101000010011100010000
00001000010100100010011100010000
00001000010111000010011100010000
00001000111100100010011100010000
00001010000111100010001011000100
00001011001000100001111110100100
00001010000010100010001001100000
00001001011101000010010110000000
00001001001001000010011100010000
00001000111100100010011100010000
00001000111010000010011010101100
00001000101011000010011100010000
00001000100011100010011100010000
00001000011001100010011100010000
00001000010100100010011100010000
00001000000101100010011100010000
00001000001101000010011100010000
00001000010111000010011100010000
00001000100011100010011100010000
00001001000001100010011100010000
00001001011101000010011001001000
00001010011001000010001100101000
00001011000110000001111110100100
00001011011010000001111110100100
00001010101111100010001110001100
00001010110010000010001110001100
00001010101010100010001111110000
00001010011110000010010100011100
00001010001111000010011100010000
00001010010100000010010111100100
00001001111011000010011100010000
00001001111000100010011100010000
00001001110110000010011100010000
00001001110001000010011100010000
00001001101110100010011100010000
00001001110110000010011100010000
00001001110110000010011100010000
00001001010101100010011100010000
00001001011000000010011100010000
00001001011000000010011100010000
00001001100010000010011100010000
00001001011101000010011100010000
00001001011101000010011100010000
00001001100100100010011100010000
00001001100111000010011100010000
00001001100010000010011100010000
00001001101001100010010111100100
00001001101001100010011010101100
00001001101110100010011100010000
00001001111011000010011100010000
00001001111101100010011100010000
00001001110110000010011100010000
00001001101100000010011100010000
00001001100111000010011100010000
00001001100010000010011100010000
00001001011010100010011100010000
00001001011010100010011100010000
00001001011111100010011100010000
00001001101110100010011100010000
00001001100010000010011100010000
00001001100100100010011100010000
00001010001010000010011100010000
00001010101101000010001100101000
00001010110010000010000111111100
00001010111110100010000110011000
00001011010101000010000110011000
00001011111000000001111110100100
00001011111101000001111000010100
00001011100100000010000000001000
00001011101110000001111101000000
00001011111101000001111101000000
00001011010111100010000001101100
00001010000101000010011001001000
00001001111011000010010110000000
00001001110001000010010110000000
00001001100010000010010100011100
00001001000100000010011010101100
00001001000001100010011100010000
00001001000100000010011100010000
00001001000110100010011100010000
00001001010011000010011100010000
00001001010000100010011100010000
00001001001011100010011100010000
00001001000100000010011100010000
00001000111111000010011100010000
00001001000001100010011100010000
00001001001001000010011100010000
00001001010101100010011100010000
00001001010011000010011100010000
00001001100100100010011100010000
00001001011101000010011100010000
00001001001011100010011100010000
00001000110111100010010111100100
00001000110010100010011010101100
00001000110000000010011100010000
00001000110010100010011100010000
00001000101000100010011100010000
00001000100110000010011100010000
00001000100110000010011100010000
00001000100001000010011100010000
00001000100001000010011100010000
00001000100011100010011100010000
00001000101000100010011100010000
00001000101101100010011100010000
00001000110010100010011100010000
00001000111111000010011100010000
00001001000110100010011100010000
00001001010000100010011100010000
00001001010011000010011100010000
00001001001001000010011100010000
00001000101011000010011100010000
00001000011110100010011100010000
00001000011100000010011100010000
00001000011100000010011100010000
00001000101011000010011010101100
00000110110101100010011100010000
00000110110000100010011100010000
00000110111101000010011100010000
00000111001100000010011100010000
00000111000010000010011100010000
00000111010110000010011100010000
00000111100000000010011100010000
00000111101111000010011100010000
00000110111000000010011100010000
00000110110011000010011100010000
00000111000010000010011010101100
00000111000010000010011100010000
00000110111000000010011100010000
00000110111000000010011100010000
00000110110000100010011100010000
00000111101010000010011100010000
00001000010010000010010110000000
00001000000000100010011010101100
00000111101111000010011100010000
00000111100010100010011100010000
00000111100010100010011100010000
00000111011011000010011100010000
00000111010011100010011100010000
00000111010110000010011100010000
00000111000100100010011100010000
00000110111010100010011100010000
00000110110000100010011100010000
00000110110000100010011100010000
00000111110110100010011100010000
00000111011000100010011001001000
00000111000010000010011100010000
00000110111010100010011100010000
00000110111010100010011100010000
00000110111000000010011100010000
00000110110000100010011100010000
00000110110011000010011100010000
00000111011000100010011100010000
00000111100000000010011001001000
00000111101010000010010111100100
00000111100101000010010111100100
00000111100111100010011001001000
00000111001001100010011100010000
00000111011101100010011001001000
00000111010110000010011010101100
00000111101111000010010111100100
00000111100101000010011001001000
00000111010001000010011100010000
00000111000010000010011100010000
00000110111010100010011100010000
00000110110101100010011100010000
00000110110011000010011100010000
00001000000000100010011001001000
00000111110001100010011010101100
00000111101100100010011100010000
00000111100000000010011100010000
00000111100010100010011100010000
00000111101010000010011100010000
00000111110001100010011100010000
00000111101111000010011100010000
00000111101100100010011100010000
00000111101111000010011100010000
00000111101100100010011100010000
00000111100101000010011100010000
00000111101111000010011100010000
00000111110100000010011100010000
00000111110100000010011100010000
00000111110001100010011100010000
00000111110110100010011100010000
00001000000011000010011100010000
00000111101010000010011100010000
00000111100010100010011100010000
00000111100111100010011100010000
00000111011101100010011100010000
00000111011011000010011100010000
00000111001100000010011100010000
00000110111101000010011100010000
00000111000100100010011100010000
00000110111101000010011100010000
00000110111000000010011100010000
00000110111000000010011100010000
00000110110101100010011100010000
00000110110000100010011100010000
00000110111010100010011100010000
00000110110000100010011100010000
00000111010011100010011100010000
00000110111101000010011100010000
00000110110000100010011100010000
00000110111000000010011100010000
00000110110101100010011100010000
00000110110101100010011100010000
00000111000010000010011100010000
00000111001110100010011001001000
00000111010001000010011100010000
00000111010011100010011100010000
00000111011011000010011010101100
00001000001111100010011001001000
00001000011100000010010111100100
00001000100011100010010010111000
00001000100011100010001111110000
00000111100010100010011100010000
00000111011000100010011100010000
00000110111111100010011100010000
00000110111010100010011100010000
00000111100101000010011100010000
00000111011000100010011001001000
00000111000111000010011100010000
00000111010110000010011100010000
00001000010111000010010111100100
00001000000011000010011100010000
00000111011101100010011100010000
00000111001001100010011100010000
00000110111111100010011100010000
00000111000111000010011100010000
00000111000100100010011100010000
00000110111000000010011100010000
00000110111111100010011100010000
00001000111100100010001111110000
00001001000100000010001100101000
00001000111111000010010001010100
00001001010101100010001011000100
00001000111010000010010111100100
00000111110100000010011100010000
00000111100101000010011100010000
00000111010110000010011100010000
00000110111010100010011100010000
00000110110000100010011100010000
00000110110101100010011100010000
00000110111000000010011100010000
00000111001100000010011100010000
00000111100010100010011100010000
00001000001010100010010100011100
00001000111111000010010111100100
00001001010011000010010001010100
00001000100011100010010110000000
